Run semi-empirical minimization
 &qmmm
    qm_theory='AM1', grms_tol=0.0005,
 scfconv=1.d-10, ndiis_attempts=700,   qmcharge=0,
 /
   1     H        3.0820        0.6350       -1.3020 
   6     C        2.7550        1.6180       -0.9000 
   1    H1        2.0930        1.4490       -0.0250 
   1    H2        2.1850        2.1450       -1.6930 
   6    C1        3.9450        2.4300       -0.4810 
   8     O        4.9770        1.8590       -0.1590 
   7     N        3.8700        3.7910       -0.4650 
   1    H3        2.9950        4.2410       -0.7770 
   6    C2        5.0050        4.6350       -0.1040 
   1    H4        5.6180        4.1290        0.6740 
   6    C3        5.8860        4.8360       -1.3480 
   1    H5        5.3300        5.3980       -2.1280 
   1    H6        6.8240        5.3730       -1.1020 
   1    H7        6.1890        3.8530       -1.7630 
   6    C4        4.5040        5.9390        0.5140 
   8    O1        3.4200        5.9420        1.0830 
   7    N1        5.2450        7.0850        0.4650 
   1    H8        6.1650        7.0940        0.0080 
   6    C5        4.7740        8.3290        1.0400 
   1    H9        3.6680        8.4120        0.9840 
   1   H10        5.1150        8.4050        2.0930 
   1   H11        5.1980        9.1800        0.4660 

